0.000000000000000000e+00 6.199581958950190597e+00 7.334157753810579550e+00 3.113921772925598574e+01 2.900060668591995139e+01 1.267942982524242268e+01 8.866949905770542983e+00 3.520885665954114785e+01 1.008468374257370570e+01 1.614999016246565944e+01 4.118243473129417254e+01 2.211546120240079460e+01 1.568053666777153410e+01 3.880304573786410316e+01 4.044201386936950371e+01 1.519705030509074817e+01 3.113659876889684597e+01 3.431396245134315137e+01 4.071333811428621630e+01 4.207734594523140004e+01 4.207734594523140004e+01 4.495875264025443130e+01 4.474731712504121361e+01 4.973899259217747471e+01 4.973899259217747471e+01 4.724315485860935127e+01 6.810303577876716474e+00 6.323465084125233560e+00 4.376111109119303677e+00 4.376943891822175026e+00 0.000000000000000000e+00 1.071774928794702042e+01 3.241122459842849679e+01 6.860043006337820160e+00 9.782908824790094826e+00 1.114271016398092939e+01 9.616600073247434821e+00 3.006658244501344157e+01 5.785773826917383289e+00 7.893209199799647635e+00 9.794116433223718943e+00 2.760751658117628793e+01 2.001332377073291724e+01 7.840283700100938447e+00 2.606954326807730382e+01 1.100756066664180821e+01 7.840283700100938447e+00 2.806685481186210041e+01 3.862963261475987053e+01 2.420527730890591300e+01 8.576239450747820570e+00 3.880304573786410316e+01 3.364258949604907656e+01 3.044644621576151167e+01 1.008468374257370570e+01 3.057493110132781311e+01 1.646865426134604249e+01 1.006522995130446674e+01 1.145994673695526700e+01 1.134145778245433789e+01 1.145994673695526700e+01 3.579806439677723517e+01 3.266975821590458651e+01 1.457203281712161314e+01 2.219126256202807923e+01 3.566372607611744883e+01 4.005428700195705005e+01 1.698074206910248307e+01 3.266975821590458651e+01 3.733781700557716476e+01 3.566372607611744883e+01 3.891598392720278099e+01 3.726339760877611695e+01 3.266975821590458651e+01 3.733781700557716476e+01 3.420291766291232705e+01 3.891598392720278099e+01 3.573607710992006758e+01 3.332681600377106435e+01 3.875136268846815568e+01 1.958115287176438457e+01 1.958115287176438457e+01 3.670544731980723441e+01 3.550970488557519644e+01 3.937345546268495866e+01 4.241482091304557400e+01 3.934933028334103255e+01 4.071333811428621630e+01 4.071333811428621630e+01 4.474731712504121361e+01 4.973899259217747471e+01
6.199581958950190597e+00 0.000000000000000000e+00 7.469448147147112138e+00 3.127450812259251833e+01 2.913589707925648398e+01 1.281472021857895527e+01 9.002240299107075572e+00 3.534414705287768044e+01 1.021997413591023829e+01 1.628528055580219203e+01 4.131772512463070512e+01 2.225075159573732719e+01 1.581582706110806669e+01 3.893833613120063575e+01 4.057730426270603630e+01 1.533234069842728076e+01 3.127188916223337856e+01 3.444925284467968396e+01 4.084862850762274888e+01 4.221263633856793263e+01 4.221263633856793263e+01 4.509404303359096389e+01 4.488260751837775331e+01 4.987428298551400729e+01 4.987428298551400729e+01 4.737844525194588385e+01 1.300988553682690707e+01 1.252304704307542593e+01 1.057569306806949427e+01 1.057652585077236651e+01 6.199581958950190597e+00 6.654156224658803076e+00 3.254651499176502938e+01 2.796449943049603259e+00 5.719315761501878370e+00 7.079117100692712050e+00 9.751890466583967410e+00 3.020187283834997416e+01 5.921064220253915877e+00 3.829616136511430291e+00 9.929406826560251531e+00 2.774280697451282052e+01 2.014861416406944983e+01 7.975574093437471035e+00 2.620483366141383641e+01 1.114285105997834080e+01 7.975574093437471035e+00 2.820214520519863299e+01 3.876492300809640312e+01 2.434056770224244559e+01 8.711529844084353158e+00 3.893833613120063575e+01 3.377787988938560915e+01 3.058173660909804426e+01 1.021997413591023829e+01 3.071022149466434570e+01 1.660394465468257508e+01 1.020052034464099933e+01 1.159523713029179959e+01 1.147674817579087048e+01 1.159523713029179959e+01 3.593335479011376776e+01 3.280504860924111910e+01 1.470732321045814217e+01 2.232655295536461182e+01 3.579901646945398141e+01 4.018957739529358264e+01 1.711603246243901566e+01 3.280504860924111910e+01 3.747310739891369735e+01 3.579901646945398141e+01 3.905127432053931358e+01 3.739868800211264954e+01 3.280504860924111910e+01 3.747310739891369735e+01 3.433820805624885963e+01 3.905127432053931358e+01 3.587136750325660017e+01 3.346210639710759693e+01 3.888665308180468827e+01 1.971644326510091716e+01 1.971644326510091716e+01 3.684073771314376700e+01 3.564499527891172903e+01 3.950874585602149125e+01 4.255011130638210659e+01 3.948462067667756514e+01 4.084862850762274888e+01 4.084862850762274888e+01 4.488260751837775331e+01 4.987428298551400729e+01
7.334157753810579550e+00 7.469448147147112138e+00 0.000000000000000000e+00 2.793084895859009720e+01 2.579223791525406284e+01 9.471061054576532356e+00 5.658581135104652660e+00 3.200048788887526285e+01 2.750525988763124818e+00 1.294162139179977089e+01 3.797406596062828044e+01 1.890709243173490250e+01 1.247216789710564555e+01 3.559467696719821106e+01 3.723364509870361871e+01 1.388749500722279606e+01 2.792822999823095742e+01 3.110559368067726638e+01 3.750496934362032420e+01 3.886897717456550794e+01 3.886897717456550794e+01 4.175038386958853209e+01 4.153894835437532151e+01 4.653062382151158971e+01 4.653062382151158971e+01 4.403478608794345206e+01 1.414446133168729602e+01 1.365762283793581489e+01 1.171026886292988323e+01 1.171110164563275546e+01 7.334157753810579550e+00 1.198761547614394019e+01 2.920285582776260469e+01 8.129909194534741701e+00 1.105277501298701637e+01 1.241257635217785094e+01 6.408231302581543609e+00 2.685821367434755302e+01 2.577405056251491633e+00 9.163075387996567400e+00 6.585747662557827731e+00 2.439914781051039938e+01 1.680495500006702514e+01 4.631914929435047235e+00 2.286117449741141527e+01 7.799191895975916999e+00 4.631914929435047235e+00 2.485848604119621186e+01 3.542126384409397843e+01 2.099690853824002090e+01 7.266684152879870240e+00 3.559467696719821106e+01 3.043422072538318446e+01 2.723807744509562312e+01 2.750525988763124818e+00 2.736656233066192812e+01 1.515909896347809038e+01 8.755674653436516408e+00 4.125788983144687450e+00 1.003190248458638756e+01 4.125788983144687450e+00 3.258969562611135018e+01 2.946138944523869796e+01 1.326247751925365748e+01 1.898289379136218713e+01 3.245535730545155673e+01 3.684591823129115795e+01 1.377237329843659452e+01 2.946138944523869796e+01 3.412944823491127266e+01 3.245535730545155673e+01 3.570761515653688889e+01 3.405502883811022485e+01 2.946138944523869796e+01 3.412944823491127266e+01 3.099454889224643850e+01 3.570761515653688889e+01 3.252770833925417548e+01 3.011844723310517580e+01 3.554299391780226358e+01 1.637278410109849247e+01 1.637278410109849247e+01 3.349707854914133520e+01 3.230133611490930434e+01 3.616508669201906656e+01 3.920645214237968190e+01 3.614096151267513335e+01 3.750496934362032420e+01 3.750496934362032420e+01 4.153894835437532151e+01 4.653062382151158971e+01
3.113921772925598574e+01 3.127450812259251833e+01 2.793084895859009720e+01 0.000000000000000000e+00 1.366501610507918052e+01 2.070739070341844723e+01 2.740559885183347077e+01 1.987326607870037876e+01 3.068137494735321980e+01 2.417795104064168754e+01 2.584684415045339634e+01 2.035549658213286861e+01 2.370849754594755865e+01 2.346745515702333407e+01 2.510642328852873462e+01 3.769255498266820581e+01 1.580100818805607510e+01 1.897837187050238583e+01 2.537774753344544365e+01 2.674175536439063094e+01 2.674175536439063094e+01 2.962316205941365155e+01 2.941172654420044097e+01 3.440340201133668785e+01 3.440340201133668785e+01 3.190756427776856796e+01 3.794952130713270577e+01 3.746268281338122108e+01 3.551532883837528942e+01 3.551616162107816166e+01 3.113921772925598574e+01 3.579267545158934638e+01 4.589598514365122561e+00 3.193496916998014612e+01 3.485783498843242256e+01 3.621763632762326068e+01 2.152261765600855625e+01 2.244956360950070007e+00 2.535344390233860778e+01 3.296813536344197360e+01 2.557819072056993903e+01 3.531701148079697372e+00 1.112589395852307206e+01 2.637893264616386801e+01 1.073395268723653473e+01 2.679163495398802652e+01 2.637893264616386801e+01 1.273126423102132954e+01 2.329404203391910144e+01 2.244531268863798701e+01 3.107174412832527821e+01 2.346745515702333407e+01 1.830699891520830391e+01 1.511085563492073902e+01 3.068137494735321980e+01 1.523934052048704224e+01 3.896415893892350368e+01 3.256073462888192438e+01 3.205663794173478465e+01 3.383696246003179908e+01 3.205663794173478465e+01 2.046247381593646608e+01 1.733416763506381386e+01 3.706753749469906722e+01 2.043129794176015679e+01 2.032813549527667618e+01 2.471869642111627741e+01 2.500870294727851117e+01 1.733416763506381386e+01 2.200222642473639212e+01 2.032813549527667618e+01 2.358039334636200834e+01 2.192780702793534786e+01 1.733416763506381386e+01 2.200222642473639212e+01 1.886732708207155440e+01 2.358039334636200834e+01 2.040048652907929494e+01 1.799122542293029525e+01 2.341577210762738304e+01 2.760911374994040912e+01 2.760911374994040912e+01 2.136985673896646176e+01 2.017411430473442380e+01 2.403786488184418957e+01 2.707923033220480491e+01 2.401373970250025991e+01 2.537774753344544365e+01 2.537774753344544365e+01 2.941172654420044097e+01 3.440340201133668785e+01
2.900060668591995139e+01 2.913589707925648398e+01 2.579223791525406284e+01 1.366501610507918052e+01 0.000000000000000000e+00 1.856877966008240932e+01 2.526698780849743642e+01 1.087700934391044783e+01 2.854276390401718544e+01 2.203933999730565318e+01 1.685058741566346541e+01 1.821688553879683425e+01 2.156988650261152429e+01 1.447119842223340314e+01 1.611016655373880369e+01 3.555394393933217145e+01 1.166705897972981276e+01 9.982115135712454901e+00 1.638149079865551272e+01 1.774549862960070001e+01 1.774549862960070001e+01 2.062690532462372062e+01 2.041546980941051004e+01 2.540714527654676047e+01 2.540714527654676047e+01 2.291130754297863703e+01 3.581091026379667142e+01 3.532407177004518672e+01 3.337671779503925507e+01 3.337755057774212730e+01 2.900060668591995139e+01 3.365406440825331202e+01 1.493702297425169156e+01 2.979635812664411176e+01 3.271922394509638821e+01 3.407902528428721922e+01 1.938400661267251834e+01 1.259238082083663635e+01 2.321483285900257343e+01 3.082952432010593924e+01 2.343957967723390468e+01 1.013331495699948270e+01 8.987282915187034149e+00 2.424032160282783366e+01 5.254312211508693764e+00 2.465302391065199217e+01 2.424032160282783366e+01 9.337518740578503174e-01 1.429778529912917051e+01 2.030670164530195265e+01 2.893313308498924386e+01 1.447119842223340314e+01 9.310742180418372982e+00 1.097690642659447668e+01 2.854276390401718544e+01 6.243083785697113086e+00 3.682554789558746222e+01 3.042212358554588647e+01 2.991802689839874674e+01 3.169835141669576117e+01 2.991802689839874674e+01 1.146621708114653515e+01 1.320021842673755330e+01 3.492892645136302576e+01 1.829268689842411888e+01 1.133187876048674525e+01 1.572243968632634648e+01 2.287009190394247682e+01 1.320021842673755330e+01 1.300596968994646119e+01 1.133187876048674525e+01 1.458413661157207741e+01 1.293155029314541693e+01 1.320021842673755330e+01 1.300596968994646119e+01 1.473337787374529384e+01 1.458413661157207741e+01 1.626653732075303083e+01 8.994968688140364321e+00 1.441951537283745211e+01 2.547050270660437477e+01 2.547050270660437477e+01 1.237360000417653083e+01 1.117785756994449287e+01 1.504160814705425864e+01 1.808297359741487398e+01 1.501748296771032898e+01 1.638149079865551272e+01 1.638149079865551272e+01 2.041546980941051004e+01 2.540714527654676047e+01
1.267942982524242268e+01 1.281472021857895527e+01 9.471061054576532356e+00 2.070739070341844723e+01 1.856877966008240932e+01 0.000000000000000000e+00 8.945810947819905934e+00 2.477702963370360933e+01 1.222158704333965673e+01 3.470560337223239422e+00 3.075060770545662692e+01 1.168363417656325254e+01 3.001106842529113194e+00 2.837121871202656465e+01 3.001018684353196520e+01 1.923276707865463564e+01 2.070477174305930390e+01 2.388213542550561641e+01 3.028151108844867423e+01 3.164551891939385442e+01 3.164551891939385442e+01 3.452692561441687502e+01 3.431549009920366444e+01 3.930716556633991843e+01 3.930716556633991843e+01 3.681132783277179499e+01 1.948973340311913560e+01 1.900289490936765802e+01 1.705554093436172636e+01 1.705637371706459859e+01 1.267942982524242268e+01 1.733288754757578332e+01 2.197939757259095472e+01 1.347518126596658483e+01 1.639804708441885950e+01 1.775784842360969051e+01 3.062829751994987415e+00 1.963475541917590306e+01 6.893655998325039391e+00 1.450834745942841053e+01 7.118402816556369750e+00 1.717568955533874941e+01 9.581496744895375173e+00 7.919144742150299621e+00 1.563771624223976353e+01 8.331847049974458130e+00 7.919144742150299621e+00 1.763502778602455834e+01 2.819780558892233202e+01 1.377345028306837094e+01 1.261195622431171337e+01 2.837121871202656465e+01 2.321076247021153449e+01 2.001461918992396960e+01 1.222158704333965673e+01 2.014310407549027104e+01 2.050437103490993351e+01 1.410094672486835954e+01 1.359685003772121981e+01 1.537717455601823069e+01 1.359685003772121981e+01 2.536623737093969666e+01 2.223793119006704444e+01 1.860774959068549705e+01 1.175943553619053894e+01 2.523189905027990676e+01 2.962245997611950799e+01 4.301312243860063056e+00 2.223793119006704444e+01 2.690598997973962270e+01 2.523189905027990676e+01 2.848415690136523892e+01 2.683157058293857844e+01 2.223793119006704444e+01 2.690598997973962270e+01 2.377109063707478498e+01 2.848415690136523892e+01 2.530425008408252552e+01 2.289498897793352228e+01 2.831953566263061361e+01 6.901723046521961891e+00 6.901723046521961891e+00 2.627362029396969234e+01 2.507787785973765438e+01 2.894162843684741659e+01 3.198299388720802838e+01 2.891750325750348694e+01 3.028151108844867423e+01 3.028151108844867423e+01 3.431549009920366444e+01 3.930716556633991843e+01
8.866949905770542983e+00 9.002240299107075572e+00 5.658581135104652660e+00 2.740559885183347077e+01 2.526698780849743642e+01 8.945810947819905934e+00 0.000000000000000000e+00 3.147523778211863288e+01 8.409107123867777034e+00 1.241637128504314447e+01 3.744881585387165046e+01 1.838184232497827963e+01 1.194691779034901913e+01 3.506942686044158108e+01 3.670839499194698874e+01 1.542028715918275950e+01 2.740297989147433455e+01 3.058034357392064351e+01 3.697971923686369422e+01 3.834372706780888507e+01 3.834372706780888507e+01 4.122513376283190212e+01 4.101369824761869154e+01 4.600537371475495974e+01 4.600537371475495974e+01 4.350953598118682208e+01 1.567725348364725946e+01 1.519041498989577832e+01 1.324306101488984666e+01 1.324389379759271890e+01 8.866949905770542983e+00 1.352040762810390362e+01 2.867760572100598182e+01 9.662701346494706911e+00 1.258556716494697980e+01 1.394536850413781437e+01 5.882981195824917187e+00 2.633296356759093015e+01 3.081176078853160583e+00 1.069586753995653083e+01 6.060497555801201308e+00 2.387389770375377651e+01 1.627970489331040227e+01 1.026666205669605425e+00 2.233592439065479240e+01 7.273941789219290577e+00 1.026666205669605425e+00 2.433323593443958899e+01 3.489601373733734846e+01 2.047165843148339803e+01 8.799476304839835450e+00 3.506942686044158108e+01 2.990897061862655804e+01 2.671282733833900025e+01 8.409107123867777034e+00 2.684131222390530169e+01 1.669189111543805382e+01 1.028846680539648162e+01 9.784370118249340109e+00 1.156469463654635277e+01 9.784370118249340109e+00 3.206444551935472020e+01 2.893613933848207509e+01 1.479526967121362091e+01 1.845764368460556426e+01 3.193010719869493030e+01 3.632066812453453508e+01 1.324712319167996810e+01 2.893613933848207509e+01 3.360419812815464269e+01 3.193010719869493030e+01 3.518236504978025891e+01 3.352977873135360198e+01 2.893613933848207509e+01 3.360419812815464269e+01 3.046929878548981563e+01 3.518236504978025891e+01 3.200245823249755261e+01 2.959319712634854938e+01 3.501774381104563361e+01 1.584753399434186605e+01 1.584753399434186605e+01 3.297182844238471233e+01 3.177608600815267792e+01 3.563983658526244369e+01 3.868120203562305903e+01 3.561571140591851048e+01 3.697971923686369422e+01 3.697971923686369422e+01 4.101369824761869154e+01 4.600537371475495974e+01
3.520885665954114785e+01 3.534414705287768044e+01 3.200048788887526285e+01 1.987326607870037876e+01 1.087700934391044783e+01 2.477702963370360933e+01 3.147523778211863288e+01 0.000000000000000000e+00 3.475101387763837835e+01 2.824758997092684965e+01 5.973578071753019358e+00 2.442513551241803071e+01 2.777813647623272075e+01 3.594189078322954423e+00 5.233157209828355860e+00 4.176219391295336436e+01 1.787530895335100922e+01 9.429608771026989800e+00 1.582898443397004939e+01 1.719299226491523314e+01 1.719299226491523314e+01 2.007439895993825729e+01 1.986296344472504671e+01 2.485463891186129359e+01 2.485463891186129359e+01 2.235880117829317015e+01 4.201916023741786432e+01 4.153232174366638674e+01 3.958496776866045508e+01 3.958580055136332732e+01 3.520885665954114785e+01 3.986231438187451204e+01 2.114527294787288625e+01 3.600460810026530822e+01 3.892747391871758822e+01 4.028727525790841923e+01 2.559225658629371836e+01 1.880063079445783458e+01 2.942308283262376989e+01 3.703777429372713925e+01 2.964782965085509758e+01 1.634156493062067739e+01 1.519553288880823061e+01 3.044857157644903012e+01 1.146256218512989200e+01 3.086127388427318863e+01 3.044857157644903012e+01 9.943257469852596842e+00 1.374527893444370541e+01 2.651495161892314911e+01 3.514138305861043676e+01 3.594189078322954423e+00 2.418324638943026184e+00 1.718515640021567492e+01 3.475101387763837835e+01 4.633925558213333851e+00 4.303379786920866223e+01 3.663037355916708293e+01 3.612627687201994320e+01 3.790660139031695763e+01 3.612627687201994320e+01 1.091371071646107005e+01 1.940846840035874976e+01 4.113717642498422578e+01 2.450093687204531534e+01 1.077937239580128015e+01 4.845430342415900427e+00 2.907834187756366973e+01 1.940846840035874976e+01 1.245346332526099609e+01 1.077937239580128015e+01 1.403163024688661231e+01 1.237904392845995183e+01 1.940846840035874976e+01 1.245346332526099609e+01 2.094162784736649030e+01 1.403163024688661231e+01 2.247478729437423084e+01 8.442462323454899220e+00 1.386700900815198700e+01 3.167875268022557123e+01 3.167875268022557123e+01 1.182109363949106573e+01 1.062535120525902776e+01 1.448910178236879354e+01 1.753046723272940710e+01 1.446497660302486388e+01 1.582898443397004939e+01 1.582898443397004939e+01 1.986296344472504671e+01 2.485463891186129359e+01
1.008468374257370570e+01 1.021997413591023829e+01 2.750525988763124818e+00 3.068137494735321980e+01 2.854276390401718544e+01 1.222158704333965673e+01 8.409107123867777034e+00 3.475101387763837835e+01 0.000000000000000000e+00 1.569214738056289349e+01 4.072459194939140303e+01 2.165761842049803221e+01 1.522269388586876815e+01 3.834520295596134076e+01 3.998417108746674131e+01 1.663802099598592221e+01 3.067875598699408002e+01 3.385611966944038898e+01 4.025549533238344679e+01 4.161950316332863054e+01 4.161950316332863054e+01 4.450090985835165469e+01 4.428947434313845122e+01 4.928114981027470520e+01 4.928114981027470520e+01 4.678531207670658176e+01 1.689498732045042217e+01 1.640814882669894104e+01 1.446079485169300938e+01 1.446162763439588161e+01 1.008468374257370570e+01 1.473814146490706634e+01 3.195338181652572729e+01 1.088043518329786608e+01 1.380330100175014252e+01 1.516310234094097709e+01 9.158757291344667095e+00 2.960873966311067562e+01 5.327931045014616451e+00 1.191360137675969355e+01 9.336273651320952993e+00 2.714967379927352198e+01 1.955548098883014774e+01 7.382440918198171609e+00 2.561170048617453787e+01 1.054971788473904226e+01 7.382440918198171609e+00 2.760901202995933446e+01 3.817178983285710814e+01 2.374743452700315061e+01 1.001721014164299461e+01 3.834520295596134076e+01 3.318474671414630706e+01 2.998860343385874572e+01 0.000000000000000000e+00 3.011708831942504716e+01 1.790962495224121653e+01 1.150620064219964078e+01 1.375262994381563075e+00 1.278242847334951193e+01 1.375262994381563075e+00 3.534022161487446567e+01 3.221191543400182411e+01 1.601300350801678363e+01 2.173341978012531683e+01 3.520588329421467932e+01 3.959644422005428055e+01 1.652289928719971712e+01 3.221191543400182411e+01 3.687997422367439526e+01 3.520588329421467932e+01 3.845814114530001149e+01 3.680555482687334745e+01 3.221191543400182411e+01 3.687997422367439526e+01 3.374507488100955754e+01 3.845814114530001149e+01 3.527823432801729808e+01 3.286897322186829484e+01 3.829351990656538618e+01 1.912331008986161507e+01 1.912331008986161507e+01 3.624760453790446491e+01 3.505186210367242694e+01 3.891561268078219626e+01 4.195697813114281161e+01 3.889148750143826305e+01 4.025549533238344679e+01 4.025549533238344679e+01 4.428947434313845122e+01 4.928114981027470520e+01
1.614999016246565944e+01 1.628528055580219203e+01 1.294162139179977089e+01 2.417795104064168754e+01 2.203933999730565318e+01 3.470560337223239422e+00 1.241637128504314447e+01 2.824758997092684965e+01 1.569214738056289349e+01 0.000000000000000000e+00 3.422116804267986367e+01 1.515419451378649285e+01 4.370069698686974036e+00 3.184177904924980140e+01 3.348074718075520195e+01 2.270332741587787595e+01 2.417533208028254776e+01 2.735269576272885672e+01 3.375207142567190743e+01 3.511607925661709118e+01 3.511607925661709118e+01 3.799748595164011533e+01 3.778605043642690475e+01 4.277772590356315874e+01 4.277772590356315874e+01 4.028188816999503530e+01 2.296029374034237591e+01 2.247345524659089833e+01 2.052610127158496667e+01 2.052693405428783890e+01 1.614999016246565944e+01 2.080344788479902363e+01 2.544995790981419503e+01 1.694574160318981981e+01 1.986860742164209626e+01 2.122840876083293082e+01 6.533390089218227281e+00 2.310531575639914337e+01 1.036421633554827793e+01 1.797890779665164729e+01 1.058896315377960917e+01 2.064624989256198972e+01 1.305205708211861548e+01 1.138970507937353815e+01 1.910827657946300562e+01 1.180240738719769844e+01 1.138970507937353815e+01 2.110558812324780220e+01 3.166836592614556523e+01 1.724401062029161125e+01 1.608251656153494835e+01 3.184177904924980140e+01 2.668132280743477480e+01 2.348517952714721346e+01 1.569214738056289349e+01 2.361366441271351491e+01 2.397493137213317382e+01 1.757150706209159452e+01 1.706741037494445479e+01 1.884773489324146922e+01 1.706741037494445479e+01 2.883679770816293697e+01 2.570849152729028830e+01 2.207830992790873736e+01 1.522999587341377747e+01 2.870245938750314352e+01 3.309302031334274830e+01 5.670275100017923897e+00 2.570849152729028830e+01 3.037655031696286301e+01 2.870245938750314352e+01 3.195471723858847213e+01 3.030213092016181875e+01 2.570849152729028830e+01 3.037655031696286301e+01 2.724165097429802884e+01 3.195471723858847213e+01 2.877481042130576583e+01 2.636554931515676259e+01 3.179009599985384682e+01 8.270685902679822732e+00 8.270685902679822732e+00 2.974418063119292910e+01 2.854843819696089113e+01 3.241218877407065690e+01 3.545355422443126514e+01 3.238806359472672369e+01 3.375207142567190743e+01 3.375207142567190743e+01 3.778605043642690475e+01 4.277772590356315874e+01
4.118243473129417254e+01 4.131772512463070512e+01 3.797406596062828044e+01 2.584684415045339634e+01 1.685058741566346541e+01 3.075060770545662692e+01 3.744881585387165046e+01 5.973578071753019358e+00 4.072459194939140303e+01 3.422116804267986367e+01 0.000000000000000000e+00 3.039871358417104830e+01 3.375171454798574189e+01 2.379388993430064936e+00 7.404208619246630541e-01 4.773577198470638905e+01 2.384888702510402680e+01 1.540318684278001093e+01 2.180256250572306342e+01 2.316657033666825072e+01 2.316657033666825072e+01 2.604797703169127132e+01 2.583654151647806074e+01 3.082821698361431473e+01 3.082821698361431473e+01 2.833237925004618774e+01 4.799273830917088901e+01 4.750589981541941142e+01 4.555854584041347977e+01 4.555937862311635200e+01 4.118243473129417254e+01 4.583589245362753672e+01 2.711885101962590738e+01 4.197818617201833291e+01 4.490105199047061291e+01 4.626085332966144392e+01 3.156583465804673594e+01 2.477420886621085216e+01 3.539666090437678037e+01 4.301135236548016394e+01 3.562140772260811872e+01 2.231514300237369852e+01 2.116911096056125174e+01 3.642214964820204415e+01 1.743614025688290781e+01 3.683485195602620621e+01 3.642214964820204415e+01 1.591683554160561442e+01 1.971885700619672477e+01 3.248852969067616669e+01 4.111496113036346145e+01 2.379388993430064936e+00 8.391902710696045986e+00 2.315873447196869250e+01 4.072459194939140303e+01 1.060750362996635232e+01 4.900737594096169403e+01 4.260395163092010762e+01 4.209985494377296789e+01 4.388017946206998232e+01 4.209985494377296789e+01 1.688728878821408941e+01 2.538204647211176734e+01 4.711075449673725046e+01 3.047451494379833647e+01 1.675295046755429595e+01 1.833535718361533062e+00 3.505191994931668376e+01 2.538204647211176734e+01 1.842704139701401544e+01 1.675295046755429595e+01 2.000520831863963167e+01 1.835262200021297119e+01 2.538204647211176734e+01 1.842704139701401544e+01 2.691520591911950788e+01 2.000520831863963167e+01 2.844836536612724842e+01 1.441604039520791858e+01 1.984058707990500636e+01 3.765233075197858881e+01 3.765233075197858881e+01 1.779467171124408509e+01 1.659892927701204712e+01 2.046267985412181289e+01 2.350404530448242468e+01 2.043855467477788324e+01 2.180256250572306342e+01 2.180256250572306342e+01 2.583654151647806074e+01 3.082821698361431473e+01
2.211546120240079460e+01 2.225075159573732719e+01 1.890709243173490250e+01 2.035549658213286861e+01 1.821688553879683425e+01 1.168363417656325254e+01 1.838184232497827963e+01 2.442513551241803071e+01 2.165761842049803221e+01 1.515419451378649285e+01 3.039871358417104830e+01 0.000000000000000000e+00 1.468474101909236573e+01 2.801932459074098603e+01 2.965829272224638657e+01 2.866879845581301112e+01 2.035287762177372883e+01 2.353024130422003779e+01 2.992961696716309561e+01 3.129362479810828290e+01 3.129362479810828290e+01 3.417503149313129995e+01 3.396359597791808937e+01 3.895527144505434336e+01 3.895527144505434336e+01 3.645943371148621992e+01 2.892576478027751108e+01 2.843892628652602639e+01 2.649157231152009473e+01 2.649240509422296697e+01 2.211546120240079460e+01 2.676891892473415169e+01 2.162750345130537966e+01 2.291121264312495498e+01 2.583407846157722787e+01 2.719387980076806599e+01 1.249886112915336156e+01 1.928286129789032444e+01 1.632968737548340954e+01 2.394437883658678601e+01 1.655443419371474079e+01 1.682379543405317079e+01 9.229602623609798329e+00 1.735517611930867332e+01 1.528582212095418669e+01 1.776787842713282828e+01 1.735517611930867332e+01 1.728313366473898327e+01 2.784591146763675340e+01 2.089816106505117954e+00 2.204798760147008352e+01 2.801932459074098603e+01 2.285886834892595587e+01 1.966272506863839098e+01 2.165761842049803221e+01 1.979120995420469598e+01 2.994040241206830189e+01 2.353697810202672969e+01 2.303288141487958995e+01 2.481320593317660439e+01 2.303288141487958995e+01 2.501434324965411804e+01 2.188603706878146937e+01 2.804378096784387253e+01 1.120709412879845157e+00 2.488000492899432814e+01 2.927056585483392936e+01 1.598494642042331648e+01 2.188603706878146937e+01 2.655409585845404408e+01 2.488000492899432814e+01 2.813226278007966030e+01 2.647967646165299982e+01 2.188603706878146937e+01 2.655409585845404408e+01 2.341919651578920991e+01 2.813226278007966030e+01 2.495235596279695045e+01 2.254309485664794721e+01 2.796764154134503499e+01 1.858535722308521443e+01 1.858535722308521443e+01 2.592172617268411372e+01 2.472598373845207576e+01 2.858973431556184153e+01 3.163109976592245687e+01 2.856560913621791187e+01 2.992961696716309561e+01 2.992961696716309561e+01 3.396359597791808937e+01 3.895527144505434336e+01
1.568053666777153410e+01 1.581582706110806669e+01 1.247216789710564555e+01 2.370849754594755865e+01 2.156988650261152429e+01 3.001106842529113194e+00 1.194691779034901913e+01 2.777813647623272075e+01 1.522269388586876815e+01 4.370069698686974036e+00 3.375171454798574189e+01 1.468474101909236573e+01 0.000000000000000000e+00 3.137232555455567606e+01 3.301129368606107306e+01 2.223387392118375416e+01 2.370587858558841887e+01 2.688324226803472783e+01 3.328261793097777854e+01 3.464662576192296939e+01 3.464662576192296939e+01 3.752803245694599354e+01 3.731659694173278297e+01 4.230827240886902985e+01 4.230827240886902985e+01 3.981243467530090641e+01 2.249084024564825413e+01 2.200400175189676943e+01 2.005664777689083778e+01 2.005748055959371001e+01 1.568053666777153410e+01 2.033399439010489473e+01 2.498050441512006969e+01 1.647628810849569447e+01 1.939915392694797092e+01 2.075895526613880193e+01 6.063936594524101054e+00 2.263586226170501448e+01 9.894762840854152586e+00 1.750945430195752195e+01 1.011950965908548206e+01 2.017679639786786083e+01 1.258260358742448837e+01 1.092025158467941282e+01 1.863882308476887673e+01 1.133295389250357132e+01 1.092025158467941282e+01 2.063613462855367331e+01 3.119891243145143989e+01 1.677455712559748235e+01 1.561306306684082479e+01 3.137232555455567606e+01 2.621186931274064591e+01 2.301572603245308457e+01 1.522269388586876815e+01 2.314421091801938601e+01 2.350547787743904493e+01 1.710205356739746918e+01 1.659795688025032945e+01 1.837828139854734033e+01 1.659795688025032945e+01 2.836734421346880808e+01 2.523903803259615941e+01 2.160885643321460847e+01 1.476054237871965213e+01 2.823300589280901818e+01 3.262356681864862651e+01 1.300205401330949639e+00 2.523903803259615941e+01 2.990709682226873767e+01 2.823300589280901818e+01 3.148526374389434679e+01 2.983267742546768986e+01 2.523903803259615941e+01 2.990709682226873767e+01 2.677219747960389995e+01 3.148526374389434679e+01 2.830535692661163694e+01 2.589609582046263725e+01 3.132064250515972148e+01 3.900616203992848696e+00 3.900616203992848696e+00 2.927472713649880376e+01 2.807898470226676579e+01 3.194273527937652801e+01 3.498410072973714335e+01 3.191861010003259835e+01 3.328261793097777854e+01 3.328261793097777854e+01 3.731659694173278297e+01 4.230827240886902985e+01
3.880304573786410316e+01 3.893833613120063575e+01 3.559467696719821106e+01 2.346745515702333407e+01 1.447119842223340314e+01 2.837121871202656465e+01 3.506942686044158108e+01 3.594189078322954423e+00 3.834520295596134076e+01 3.184177904924980140e+01 2.379388993430064936e+00 2.801932459074098603e+01 3.137232555455567606e+01 0.000000000000000000e+00 1.638968131505401882e+00 4.535638299127632678e+01 2.146949803167396453e+01 1.302379784934994511e+01 1.942317351229300471e+01 2.078718134323818845e+01 2.078718134323818845e+01 2.366858803826120550e+01 2.345715252304799492e+01 2.844882799018424890e+01 2.844882799018424890e+01 2.595299025661612191e+01 4.561334931574082674e+01 4.512651082198934205e+01 4.317915684698341039e+01 4.317998962968628263e+01 3.880304573786410316e+01 4.345650346019746735e+01 2.473946202619584156e+01 3.959879717858826353e+01 4.252166299704054353e+01 4.388146433623138165e+01 2.918644566461667011e+01 2.239481987278078989e+01 3.301727191094672520e+01 4.063196337205009456e+01 3.324201872917804934e+01 1.993575400894363625e+01 1.878972196713118592e+01 3.404276065477198188e+01 1.505675126345284731e+01 3.445546296259613683e+01 3.404276065477198188e+01 1.353744654817555215e+01 1.733946801276665894e+01 3.010914069724610442e+01 3.873557213693339918e+01 0.000000000000000000e+00 6.012513717265980162e+00 2.077934547853863023e+01 3.834520295596134076e+01 8.228114636536288273e+00 4.662798694753161755e+01 4.022456263749003824e+01 3.972046595034289851e+01 4.150079046863991294e+01 3.972046595034289851e+01 1.450789979478402536e+01 2.300265747868170507e+01 4.473136550330718819e+01 2.809512595036827420e+01 1.437356147412423546e+01 1.251241264092945782e+00 3.267253095588662859e+01 2.300265747868170507e+01 1.604765240358395317e+01 1.437356147412423546e+01 1.762581932520956585e+01 1.597323300678290714e+01 2.300265747868170507e+01 1.604765240358395317e+01 2.453581692568944561e+01 1.762581932520956585e+01 2.606897637269718615e+01 1.203665140177785275e+01 1.746119808647494054e+01 3.527294175854851943e+01 3.527294175854851943e+01 1.541528271781402104e+01 1.421954028358198308e+01 1.808329086069174707e+01 2.112465631105236241e+01 1.805916568134781741e+01 1.942317351229300471e+01 1.942317351229300471e+01 2.345715252304799492e+01 2.844882799018424890e+01
4.044201386936950371e+01 4.057730426270603630e+01 3.723364509870361871e+01 2.510642328852873462e+01 1.611016655373880369e+01 3.001018684353196520e+01 3.670839499194698874e+01 5.233157209828355860e+00 3.998417108746674131e+01 3.348074718075520195e+01 7.404208619246630541e-01 2.965829272224638657e+01 3.301129368606107306e+01 1.638968131505401882e+00 0.000000000000000000e+00 4.699535112278172733e+01 2.310846616317936508e+01 1.466276598085534744e+01 2.106214164379840525e+01 2.242614947474358544e+01 2.242614947474358544e+01 2.530755616976660605e+01 2.509612065455339902e+01 3.008779612168965301e+01 3.008779612168965301e+01 2.759195838812152601e+01 4.725231744724622729e+01 4.676547895349474260e+01 4.481812497848881094e+01 4.481895776119168318e+01 4.044201386936950371e+01 4.509547159170286790e+01 2.637843015770124211e+01 4.123776531009367119e+01 4.416063112854594408e+01 4.552043246773678220e+01 3.082541379612207422e+01 2.403378800428619044e+01 3.465624004245211864e+01 4.227093150355549511e+01 3.488098686068344989e+01 2.157472214044903680e+01 2.042869009863659002e+01 3.568172878627738243e+01 1.669571939495824608e+01 3.609443109410154449e+01 3.568172878627738243e+01 1.517641467968095270e+01 1.897843614427205949e+01 3.174810882875150497e+01 4.037454026843879973e+01 1.638968131505401882e+00 7.651481848771381600e+00 2.241831361004403078e+01 3.998417108746674131e+01 9.867082768041690599e+00 4.826695507903701809e+01 4.186353076899544590e+01 4.135943408184830616e+01 4.313975860014532060e+01 4.135943408184830616e+01 1.614686792628942413e+01 2.464162561018710562e+01 4.637033363481258874e+01 2.973409408187367120e+01 1.601252960562963779e+01 1.093114856436870008e+00 3.431149908739202203e+01 2.464162561018710562e+01 1.768662053508935017e+01 1.601252960562963779e+01 1.926478745671496640e+01 1.761220113828830947e+01 2.464162561018710562e+01 1.768662053508935017e+01 2.617478505719484616e+01 1.926478745671496640e+01 2.770794450420258670e+01 1.367561953328325508e+01 1.910016621798034464e+01 3.691190989005392709e+01 3.691190989005392709e+01 1.705425084931942337e+01 1.585850841508738540e+01 1.972225899219715117e+01 2.276362444255775941e+01 1.969813381285322151e+01 2.106214164379840525e+01 2.106214164379840525e+01 2.509612065455339902e+01 3.008779612168965301e+01
1.519705030509074817e+01 1.533234069842728076e+01 1.388749500722279606e+01 3.769255498266820581e+01 3.555394393933217145e+01 1.923276707865463564e+01 1.542028715918275950e+01 4.176219391295336436e+01 1.663802099598592221e+01 2.270332741587787595e+01 4.773577198470638905e+01 2.866879845581301112e+01 2.223387392118375416e+01 4.535638299127632678e+01 4.699535112278172733e+01 0.000000000000000000e+00 3.768993602230906248e+01 4.086729970475537499e+01 4.726667536769844702e+01 4.863068319864363076e+01 4.863068319864363076e+01 5.151208989366664781e+01 5.130065437845343723e+01 5.629232984558968411e+01 5.629232984558968411e+01 5.379649211202156067e+01 2.200735388296746464e+01 2.152051538921598350e+01 1.957316141421005540e+01 1.957399419691292408e+01 1.519705030509074817e+01 1.985050802742411236e+01 3.896456185184071330e+01 1.599280174581491210e+01 1.891566756426718499e+01 2.027546890345801955e+01 1.616993732665964956e+01 3.661991969842566164e+01 1.233911108032959980e+01 1.702596793927673957e+01 1.634745368663593368e+01 3.416085383458850799e+01 2.656666102414513375e+01 1.439362095351315496e+01 3.262288052148952033e+01 1.756089792005402472e+01 1.439362095351315496e+01 3.462019206527431692e+01 4.518296986817210126e+01 3.075861456231812952e+01 6.620810854342927598e+00 4.535638299127632678e+01 4.019592674946129307e+01 3.699978346917372818e+01 1.663802099598592221e+01 3.712826835474002962e+01 3.469949654305785280e+00 5.131820353786281430e+00 1.801328399036748351e+01 3.855592522636409392e+00 1.801328399036748351e+01 4.235140165018945169e+01 3.922309546931680302e+01 1.573328210081353706e+00 2.874459981544029574e+01 4.221706332952966534e+01 4.660762425536927367e+01 2.353407932251470314e+01 3.922309546931680302e+01 4.389115425898938128e+01 4.221706332952966534e+01 4.546932118061500461e+01 4.381673486218834057e+01 3.922309546931680302e+01 4.389115425898938128e+01 4.075625491632454356e+01 4.546932118061500461e+01 4.228941436333228410e+01 3.988015325718328086e+01 4.530469994188037930e+01 2.613449012517660108e+01 2.613449012517660108e+01 4.325878457321945092e+01 4.206304213898741295e+01 4.592679271609718938e+01 4.896815816645780473e+01 4.590266753675326328e+01 4.726667536769844702e+01 4.726667536769844702e+01 5.130065437845343723e+01 5.629232984558968411e+01
3.113659876889684597e+01 3.127188916223337856e+01 2.792822999823095742e+01 1.580100818805607510e+01 1.166705897972981276e+01 2.070477174305930390e+01 2.740297989147433455e+01 1.787530895335100922e+01 3.067875598699408002e+01 2.417533208028254776e+01 2.384888702510402680e+01 2.035287762177372883e+01 2.370587858558841887e+01 2.146949803167396453e+01 2.310846616317936508e+01 3.768993602230906248e+01 0.000000000000000000e+00 1.698041474515301630e+01 2.337979040809607412e+01 2.474379823904126141e+01 2.474379823904126141e+01 2.762520493406428201e+01 2.741376941885107144e+01 3.240544488598732187e+01 3.240544488598732187e+01 2.990960715241919843e+01 3.794690234677356244e+01 3.746006385302207775e+01 3.551270987801615320e+01 3.551354266071902543e+01 3.113659876889684597e+01 3.579005649123020305e+01 1.707301505722858437e+01 3.193235020962100634e+01 3.485521602807328634e+01 3.621501736726411735e+01 2.151999869564941292e+01 1.472837290381353270e+01 2.535082494197946801e+01 3.296551640308283027e+01 2.557557176021079925e+01 1.226930703997637906e+01 1.112327499816392873e+01 2.637631368580472824e+01 8.735995561887166971e+00 2.678901599362888675e+01 2.637631368580472824e+01 1.073330710567196178e+01 2.129608490856973191e+01 2.244269372827884723e+01 3.106912516796613843e+01 2.146949803167396453e+01 1.630904178985893438e+01 6.901525531353354115e-01 3.067875598699408002e+01 1.324138339513767448e+01 3.896153997856436035e+01 3.255811566852278105e+01 3.205401898137564132e+01 3.383434349967265575e+01 3.205401898137564132e+01 1.846451669058709655e+01 1.533159447007740539e+00 3.706491853433992389e+01 2.042867898140101346e+01 1.833017836992730665e+01 2.272073929576690787e+01 2.500608398691937140e+01 1.533159447007740539e+00 2.000426929938702258e+01 1.833017836992730665e+01 2.158243622101263881e+01 1.992984990258597833e+01 1.533159447007740539e+00 2.000426929938702258e+01 3.066318894015480190e+00 2.158243622101263881e+01 4.599478341023219841e+00 1.599326829758092572e+01 2.141781498227801350e+01 2.760649478958126934e+01 2.760649478958126934e+01 1.937189961361709223e+01 1.817615717938505426e+01 2.203990775649482003e+01 2.508127320685543538e+01 2.201578257715089038e+01 2.337979040809607412e+01 2.337979040809607412e+01 2.741376941885107144e+01 3.240544488598732187e+01
