0.000000000000000000e+00 6.199581958950190597e+00 8.709420748192142625e+00 3.113921772925598574e+01 2.806685481186210041e+01 1.267942982524242268e+01 7.840283700100938447e+00 3.700595119870262550e+01 8.709420748192142625e+00 1.518208552378944098e+01 4.118243473129417254e+01 2.316036925565335736e+01 1.698074206910248307e+01 3.700595119870262550e+01 4.044201386936950371e+01 1.519705030509074817e+01 3.113659876889684597e+01 3.550970488557519644e+01 4.071333811428621630e+01 4.071333811428621630e+01 4.071333811428621630e+01 4.495875264025443130e+01 4.724315485860935127e+01 4.724315485860935127e+01 4.724315485860935127e+01 4.724315485860935127e+01 6.810303577876716474e+00 5.349788096622269506e+00 5.349788096622269506e+00 4.376943891822175026e+00 0.000000000000000000e+00 1.071774928794702042e+01 3.123890352172096740e+01 7.893209199799647635e+00 1.046280949438551211e+01 1.046280949438551211e+01 9.616600073247434821e+00 3.123890352172096740e+01 5.785773826917383289e+00 7.893209199799647635e+00 9.794116433223718943e+00 2.635891303085402981e+01 2.130295592445910202e+01 7.840283700100938447e+00 2.606954326807730382e+01 9.794116433223718943e+00 7.840283700100938447e+00 2.806685481186210041e+01 3.721384850576855285e+01 2.316036925565335736e+01 6.874486280784399383e+00 3.700595119870262550e+01 3.364258949604907656e+01 2.768583600322016736e+01 8.709420748192142625e+00 3.163158296412612813e+01 1.552034353923382781e+01 1.134145778245433789e+01 8.709420748192142625e+00 1.134145778245433789e+01 8.709420748192142625e+00 3.721384850576855285e+01 3.113659876889684597e+01 1.552034353923382781e+01 2.219126256202807923e+01 3.566372607611744883e+01 4.075967499098146618e+01 1.698074206910248307e+01 3.113659876889684597e+01 3.587244549666240090e+01 3.566372607611744883e+01 3.891598392720278099e+01 3.726339760877611695e+01 3.113659876889684597e+01 3.587244549666240090e+01 3.113659876889684597e+01 3.891598392720278099e+01 3.113659876889684597e+01 3.254826554285891405e+01 4.003549134182390645e+01 1.698074206910248307e+01 1.698074206910248307e+01 3.550970488557519644e+01 3.550970488557519644e+01 3.937345546268495866e+01 4.078808721094566891e+01 4.071333811428621630e+01 4.071333811428621630e+01 4.071333811428621630e+01 4.724315485860935127e+01 4.724315485860935127e+01
6.199581958950190597e+00 0.000000000000000000e+00 8.844711141528675213e+00 3.127450812259251833e+01 2.820214520519863299e+01 1.281472021857895527e+01 7.975574093437471035e+00 3.714124159203915809e+01 8.844711141528675213e+00 1.531737591712597357e+01 4.131772512463070512e+01 2.329565964898988994e+01 1.711603246243901566e+01 3.714124159203915809e+01 4.057730426270603630e+01 1.533234069842728076e+01 3.127188916223337856e+01 3.564499527891172903e+01 4.084862850762274888e+01 4.084862850762274888e+01 4.084862850762274888e+01 4.509404303359096389e+01 4.737844525194588385e+01 4.737844525194588385e+01 4.737844525194588385e+01 4.737844525194588385e+01 1.300988553682690707e+01 1.154937005557246010e+01 1.154937005557246010e+01 1.057652585077236651e+01 6.199581958950190597e+00 6.654156224658803076e+00 3.137419391505749999e+01 3.829616136511430291e+00 6.399216431097295654e+00 6.399216431097295654e+00 9.751890466583967410e+00 3.137419391505749999e+01 5.921064220253915877e+00 3.829616136511430291e+00 9.929406826560251531e+00 2.649420342419056240e+01 2.143824631779563461e+01 7.975574093437471035e+00 2.620483366141383641e+01 9.929406826560251531e+00 7.975574093437471035e+00 2.820214520519863299e+01 3.734913889910508544e+01 2.329565964898988994e+01 7.009776674120930195e+00 3.714124159203915809e+01 3.377787988938560915e+01 2.782112639655669994e+01 8.844711141528675213e+00 3.176687335746266072e+01 1.565563393257036040e+01 1.147674817579087048e+01 8.844711141528675213e+00 1.147674817579087048e+01 8.844711141528675213e+00 3.734913889910508544e+01 3.127188916223337856e+01 1.565563393257036040e+01 2.232655295536461182e+01 3.579901646945398141e+01 4.089496538431799877e+01 1.711603246243901566e+01 3.127188916223337856e+01 3.600773588999893349e+01 3.579901646945398141e+01 3.905127432053931358e+01 3.739868800211264954e+01 3.127188916223337856e+01 3.600773588999893349e+01 3.127188916223337856e+01 3.905127432053931358e+01 3.127188916223337856e+01 3.268355593619544663e+01 4.017078173516043904e+01 1.711603246243901566e+01 1.711603246243901566e+01 3.564499527891172903e+01 3.564499527891172903e+01 3.950874585602149125e+01 4.092337760428220150e+01 4.084862850762274888e+01 4.084862850762274888e+01 4.084862850762274888e+01 4.737844525194588385e+01 4.737844525194588385e+01
8.709420748192142625e+00 8.844711141528675213e+00 0.000000000000000000e+00 2.930611195297166205e+01 2.623374903557777671e+01 1.084632404895809366e+01 6.007177923816609422e+00 3.517284542241829826e+01 0.000000000000000000e+00 1.334897974750511374e+01 3.934932895500984529e+01 2.132726347936902300e+01 1.514763629281815582e+01 3.517284542241829826e+01 3.860890809308517646e+01 1.526275800160435914e+01 2.930349299261252227e+01 3.367659910929086209e+01 3.888023233800188905e+01 3.888023233800188905e+01 3.888023233800188905e+01 4.312564686397009694e+01 4.541004908232501691e+01 4.541004908232501691e+01 4.541004908232501691e+01 4.541004908232501691e+01 1.551972432606885910e+01 1.405920884481441213e+01 1.405920884481441213e+01 1.308636464001431854e+01 8.709420748192142625e+00 1.336287847052550326e+01 2.940579774543664371e+01 1.053833838237813048e+01 1.310793867696399673e+01 1.310793867696399673e+01 7.783494296963105796e+00 2.940579774543664371e+01 3.952668050633054264e+00 1.053833838237813048e+01 7.961010656939389918e+00 2.452580725456970612e+01 1.946985014817477833e+01 6.007177923816609422e+00 2.423643749179298013e+01 7.961010656939389918e+00 6.007177923816609422e+00 2.623374903557777671e+01 3.538074272948422561e+01 2.132726347936902300e+01 6.940193977298010353e+00 3.517284542241829826e+01 3.180948371976474931e+01 2.585273022693584721e+01 0.000000000000000000e+00 2.979847718784180088e+01 1.558605123574743700e+01 1.140716547896795063e+01 0.000000000000000000e+00 1.140716547896795063e+01 0.000000000000000000e+00 3.538074272948422561e+01 2.930349299261252227e+01 1.558605123574743700e+01 2.035815678574375198e+01 3.383062029983311447e+01 3.892656921469713893e+01 1.514763629281815582e+01 2.930349299261252227e+01 3.403933972037807365e+01 3.383062029983311447e+01 3.708287815091845374e+01 3.543029183249178971e+01 2.930349299261252227e+01 3.403933972037807365e+01 2.930349299261252227e+01 3.708287815091845374e+01 2.930349299261252227e+01 3.071515976657459390e+01 3.820238556553957210e+01 1.514763629281815582e+01 1.514763629281815582e+01 3.367659910929086209e+01 3.367659910929086209e+01 3.754034968640063141e+01 3.895498143466134167e+01 3.888023233800188905e+01 3.888023233800188905e+01 3.888023233800188905e+01 4.541004908232501691e+01 4.541004908232501691e+01
3.113921772925598574e+01 3.127450812259251833e+01 2.930611195297166205e+01 0.000000000000000000e+00 1.273126423102132954e+01 2.070739070341844723e+01 2.637893264616386801e+01 2.167036061786185641e+01 2.930611195297166205e+01 2.321004640196546731e+01 2.584684415045339634e+01 2.140040463538542781e+01 2.500870294727851117e+01 2.167036061786185641e+01 2.510642328852873462e+01 3.769255498266820581e+01 1.580100818805607510e+01 2.017411430473442380e+01 2.537774753344544365e+01 2.537774753344544365e+01 2.537774753344544365e+01 2.962316205941365155e+01 3.190756427776856796e+01 3.190756427776856796e+01 3.190756427776856796e+01 3.190756427776856796e+01 3.794952130713270577e+01 3.648900582587825880e+01 3.648900582587825880e+01 3.551616162107816166e+01 3.113921772925598574e+01 3.579267545158934638e+01 3.417277437657595840e+00 3.296813536344197360e+01 3.553773565802784162e+01 3.553773565802784162e+01 2.152261765600855625e+01 3.417277437657595840e+00 2.535344390233860778e+01 3.296813536344197360e+01 2.557819072056993903e+01 4.780304698401957708e+00 9.836261804796887276e+00 2.637893264616386801e+01 1.073395268723653473e+01 2.557819072056993903e+01 2.637893264616386801e+01 1.273126423102132954e+01 2.187825792492778376e+01 2.140040463538542781e+01 2.936999095836185703e+01 2.167036061786185641e+01 1.830699891520830391e+01 1.235024542237939826e+01 2.930611195297166205e+01 1.629599238328535904e+01 3.801584821681127835e+01 3.383696246003179908e+01 2.930611195297166205e+01 3.383696246003179908e+01 2.930611195297166205e+01 2.187825792492778376e+01 1.580100818805607510e+01 3.801584821681127835e+01 2.043129794176015679e+01 2.032813549527667618e+01 2.542408441014069354e+01 2.500870294727851117e+01 1.580100818805607510e+01 2.053685491582163181e+01 2.032813549527667618e+01 2.358039334636200834e+01 2.192780702793534786e+01 1.580100818805607510e+01 2.053685491582163181e+01 1.580100818805607510e+01 2.358039334636200834e+01 1.580100818805607510e+01 1.721267496201814851e+01 2.469990076098313381e+01 2.500870294727851117e+01 2.500870294727851117e+01 2.017411430473442380e+01 2.017411430473442380e+01 2.403786488184418957e+01 2.545249663010489627e+01 2.537774753344544365e+01 2.537774753344544365e+01 2.537774753344544365e+01 3.190756427776856796e+01 3.190756427776856796e+01
2.806685481186210041e+01 2.820214520519863299e+01 2.623374903557777671e+01 1.273126423102132954e+01 0.000000000000000000e+00 1.763502778602455834e+01 2.330656972876998267e+01 1.174035200901407450e+01 2.623374903557777671e+01 2.013768348457158197e+01 1.591683554160561442e+01 1.832804171799154247e+01 2.193634002988462584e+01 1.174035200901407450e+01 1.517641467968095270e+01 3.462019206527431692e+01 1.073330710567196178e+01 1.024410569588664188e+01 1.544773892459766174e+01 1.544773892459766174e+01 1.544773892459766174e+01 1.969315345056586963e+01 2.197755566892078605e+01 2.197755566892078605e+01 2.197755566892078605e+01 2.197755566892078605e+01 3.487715838973881688e+01 3.341664290848436991e+01 3.341664290848436991e+01 3.244379870368427987e+01 2.806685481186210041e+01 3.272031253419545749e+01 1.283095002348631297e+01 2.989577244604808826e+01 3.246537274063395273e+01 3.246537274063395273e+01 1.845025473861466736e+01 1.283095002348631297e+01 2.228108098494472245e+01 2.989577244604808826e+01 2.250582780317605369e+01 7.950959532619372716e+00 6.763898887402999272e+00 2.330656972876998267e+01 4.320560337450844557e+00 2.250582780317605369e+01 2.330656972876998267e+01 0.000000000000000000e+00 1.194824931608000185e+01 1.832804171799154247e+01 2.629762804096797169e+01 1.174035200901407450e+01 8.376990306360523775e+00 7.282544339995284943e+00 2.623374903557777671e+01 6.365983774437577125e+00 3.494348529941738946e+01 3.076459954263791019e+01 2.623374903557777671e+01 3.076459954263791019e+01 2.623374903557777671e+01 1.194824931608000185e+01 1.073330710567196178e+01 3.494348529941738946e+01 1.735893502436626790e+01 1.039812688642889427e+01 1.549407580129291162e+01 2.193634002988462584e+01 1.073330710567196178e+01 1.060684630697384989e+01 1.039812688642889427e+01 1.365038473751422643e+01 1.199779841908756595e+01 1.073330710567196178e+01 1.060684630697384989e+01 1.073330710567196178e+01 1.365038473751422643e+01 1.073330710567196178e+01 7.282666353170367479e+00 1.476989215213535189e+01 2.193634002988462584e+01 2.193634002988462584e+01 1.024410569588664188e+01 1.024410569588664188e+01 1.410785627299640765e+01 1.552248802125711435e+01 1.544773892459766174e+01 1.544773892459766174e+01 1.544773892459766174e+01 2.197755566892078605e+01 2.197755566892078605e+01
1.267942982524242268e+01 1.281472021857895527e+01 1.084632404895809366e+01 2.070739070341844723e+01 1.763502778602455834e+01 0.000000000000000000e+00 7.919144742150299621e+00 2.657412417286508699e+01 1.084632404895809366e+01 2.502655698547019192e+00 3.075060770545662692e+01 1.272854222981581174e+01 4.301312243860063056e+00 2.657412417286508699e+01 3.001018684353196520e+01 1.923276707865463564e+01 2.070477174305930390e+01 2.507787785973765438e+01 3.028151108844867423e+01 3.028151108844867423e+01 3.028151108844867423e+01 3.452692561441687502e+01 3.681132783277179499e+01 3.681132783277179499e+01 3.681132783277179499e+01 3.681132783277179499e+01 1.948973340311913560e+01 1.802921792186468863e+01 1.802921792186468863e+01 1.705637371706459859e+01 1.267942982524242268e+01 1.733288754757578332e+01 2.080707649588342889e+01 1.450834745942841053e+01 1.707794775401427501e+01 1.707794775401427501e+01 3.062829751994987415e+00 2.080707649588342889e+01 6.893655998325039391e+00 1.450834745942841053e+01 7.118402816556369750e+00 1.592708600501648775e+01 1.087112889862155996e+01 7.919144742150299621e+00 1.563771624223976353e+01 7.118402816556369750e+00 7.919144742150299621e+00 1.763502778602455834e+01 2.678202147993101434e+01 1.272854222981581174e+01 1.091020305434829041e+01 2.657412417286508699e+01 2.321076247021153449e+01 1.725400897738262529e+01 1.084632404895809366e+01 2.119975593828858607e+01 1.955606031279771528e+01 1.537717455601823069e+01 1.084632404895809366e+01 1.537717455601823069e+01 1.084632404895809366e+01 2.678202147993101434e+01 2.070477174305930390e+01 1.955606031279771528e+01 1.175943553619053894e+01 2.523189905027990676e+01 3.032784796514392056e+01 4.301312243860063056e+00 2.070477174305930390e+01 2.544061847082486238e+01 2.523189905027990676e+01 2.848415690136523892e+01 2.683157058293857844e+01 2.070477174305930390e+01 2.544061847082486238e+01 2.070477174305930390e+01 2.848415690136523892e+01 2.070477174305930390e+01 2.211643851702137908e+01 2.960366431598636083e+01 4.301312243860063056e+00 4.301312243860063056e+00 2.507787785973765438e+01 2.507787785973765438e+01 2.894162843684741659e+01 3.035626018510812685e+01 3.028151108844867423e+01 3.028151108844867423e+01 3.028151108844867423e+01 3.681132783277179499e+01 3.681132783277179499e+01
7.840283700100938447e+00 7.975574093437471035e+00 6.007177923816609422e+00 2.637893264616386801e+01 2.330656972876998267e+01 7.919144742150299621e+00 0.000000000000000000e+00 3.224566611561050422e+01 6.007177923816609422e+00 1.042180044069731970e+01 3.642214964820204415e+01 1.840008417256122897e+01 1.222045698601036356e+01 3.224566611561050422e+01 3.568172878627738243e+01 1.439362095351315496e+01 2.637631368580472824e+01 3.074941980248307516e+01 3.595305303119408791e+01 3.595305303119408791e+01 3.595305303119408791e+01 4.019846755716229580e+01 4.248286977551721577e+01 4.248286977551721577e+01 4.248286977551721577e+01 4.248286977551721577e+01 1.465058727797765492e+01 1.319007179672320795e+01 1.319007179672320795e+01 1.221722759192311436e+01 7.840283700100938447e+00 1.249374142243429908e+01 2.647861843862884967e+01 9.669201334286926297e+00 1.223880162887279255e+01 1.223880162887279255e+01 4.856314990155311762e+00 2.647861843862884967e+01 2.054509873183555158e+00 9.669201334286926297e+00 5.033831350131595883e+00 2.159862794776191208e+01 1.654267084136698429e+01 0.000000000000000000e+00 2.130925818498518609e+01 5.033831350131595883e+00 0.000000000000000000e+00 2.330656972876998267e+01 3.245356342267643157e+01 1.840008417256122897e+01 6.071056929206806174e+00 3.224566611561050422e+01 2.888230441295695528e+01 2.292555092012805318e+01 6.007177923816609422e+00 2.687129788103401040e+01 1.471691418765623283e+01 1.053802843087674646e+01 6.007177923816609422e+00 1.053802843087674646e+01 6.007177923816609422e+00 3.245356342267643157e+01 2.637631368580472824e+01 1.471691418765623283e+01 1.743097747893595795e+01 3.090344099302532754e+01 3.599938990788934490e+01 1.222045698601036356e+01 2.637631368580472824e+01 3.111216041357027962e+01 3.090344099302532754e+01 3.415569884411065260e+01 3.250311252568399567e+01 2.637631368580472824e+01 3.111216041357027962e+01 2.637631368580472824e+01 3.415569884411065260e+01 2.637631368580472824e+01 2.778798045976679987e+01 3.527520625873177806e+01 1.222045698601036356e+01 1.222045698601036356e+01 3.074941980248307516e+01 3.074941980248307516e+01 3.461317037959283027e+01 3.602780212785354053e+01 3.595305303119408791e+01 3.595305303119408791e+01 3.595305303119408791e+01 4.248286977551721577e+01 4.248286977551721577e+01
3.700595119870262550e+01 3.714124159203915809e+01 3.517284542241829826e+01 2.167036061786185641e+01 1.174035200901407450e+01 2.657412417286508699e+01 3.224566611561050422e+01 0.000000000000000000e+00 3.517284542241829826e+01 2.907677987141210352e+01 4.176483532591541703e+00 2.726713810483206757e+01 3.087543641672514738e+01 0.000000000000000000e+00 3.436062670666879093e+00 4.355928845211484912e+01 1.967240349251248688e+01 1.242244574442050542e+01 1.762607897313152705e+01 1.762607897313152705e+01 1.762607897313152705e+01 2.187149349909973139e+01 2.415589571745464426e+01 2.415589571745464426e+01 2.415589571745464426e+01 2.415589571745464426e+01 4.381625477657934908e+01 4.235573929532489501e+01 4.235573929532489501e+01 4.138289509052480497e+01 3.700595119870262550e+01 4.165940892103598969e+01 2.177004641032683807e+01 3.883486883288861691e+01 4.140446912747447783e+01 4.140446912747447783e+01 2.738935112545519601e+01 2.177004641032683807e+01 3.122017737178524754e+01 3.883486883288861691e+01 3.144492419001657524e+01 1.689005591945989693e+01 1.570299527424352348e+01 3.224566611561050422e+01 1.325965672429136966e+01 3.144492419001657524e+01 3.224566611561050422e+01 1.174035200901407450e+01 1.412658936461386538e+01 2.726713810483206757e+01 3.523672442780848968e+01 0.000000000000000000e+00 4.215419178104503395e+00 1.622164072683580827e+01 3.517284542241829826e+01 5.374368234576498260e+00 4.388258168625792166e+01 3.970369592947843529e+01 3.517284542241829826e+01 3.970369592947843529e+01 3.517284542241829826e+01 1.412658936461386538e+01 1.967240349251248688e+01 4.388258168625792166e+01 2.629803141120679655e+01 1.257646693496275780e+01 3.753723792278837124e+00 3.087543641672514738e+01 1.967240349251248688e+01 1.278518635550771343e+01 1.257646693496275780e+01 1.582872478604808997e+01 1.417613846762142948e+01 1.967240349251248688e+01 1.278518635550771343e+01 1.967240349251248688e+01 1.582872478604808997e+01 1.967240349251248688e+01 9.461006401704230129e+00 1.694823220066921365e+01 3.087543641672514738e+01 3.087543641672514738e+01 1.242244574442050542e+01 1.242244574442050542e+01 1.628619632153026942e+01 1.770082806979097967e+01 1.762607897313152705e+01 1.762607897313152705e+01 1.762607897313152705e+01 2.415589571745464426e+01 2.415589571745464426e+01
8.709420748192142625e+00 8.844711141528675213e+00 0.000000000000000000e+00 2.930611195297166205e+01 2.623374903557777671e+01 1.084632404895809366e+01 6.007177923816609422e+00 3.517284542241829826e+01 0.000000000000000000e+00 1.334897974750511374e+01 3.934932895500984529e+01 2.132726347936902300e+01 1.514763629281815582e+01 3.517284542241829826e+01 3.860890809308517646e+01 1.526275800160435914e+01 2.930349299261252227e+01 3.367659910929086209e+01 3.888023233800188905e+01 3.888023233800188905e+01 3.888023233800188905e+01 4.312564686397009694e+01 4.541004908232501691e+01 4.541004908232501691e+01 4.541004908232501691e+01 4.541004908232501691e+01 1.551972432606885910e+01 1.405920884481441213e+01 1.405920884481441213e+01 1.308636464001431854e+01 8.709420748192142625e+00 1.336287847052550326e+01 2.940579774543664371e+01 1.053833838237813048e+01 1.310793867696399673e+01 1.310793867696399673e+01 7.783494296963105796e+00 2.940579774543664371e+01 3.952668050633054264e+00 1.053833838237813048e+01 7.961010656939389918e+00 2.452580725456970612e+01 1.946985014817477833e+01 6.007177923816609422e+00 2.423643749179298013e+01 7.961010656939389918e+00 6.007177923816609422e+00 2.623374903557777671e+01 3.538074272948422561e+01 2.132726347936902300e+01 6.940193977298010353e+00 3.517284542241829826e+01 3.180948371976474931e+01 2.585273022693584721e+01 0.000000000000000000e+00 2.979847718784180088e+01 1.558605123574743700e+01 1.140716547896795063e+01 0.000000000000000000e+00 1.140716547896795063e+01 0.000000000000000000e+00 3.538074272948422561e+01 2.930349299261252227e+01 1.558605123574743700e+01 2.035815678574375198e+01 3.383062029983311447e+01 3.892656921469713893e+01 1.514763629281815582e+01 2.930349299261252227e+01 3.403933972037807365e+01 3.383062029983311447e+01 3.708287815091845374e+01 3.543029183249178971e+01 2.930349299261252227e+01 3.403933972037807365e+01 2.930349299261252227e+01 3.708287815091845374e+01 2.930349299261252227e+01 3.071515976657459390e+01 3.820238556553957210e+01 1.514763629281815582e+01 1.514763629281815582e+01 3.367659910929086209e+01 3.367659910929086209e+01 3.754034968640063141e+01 3.895498143466134167e+01 3.888023233800188905e+01 3.888023233800188905e+01 3.888023233800188905e+01 4.541004908232501691e+01 4.541004908232501691e+01
1.518208552378944098e+01 1.531737591712597357e+01 1.334897974750511374e+01 2.321004640196546731e+01 2.013768348457158197e+01 2.502655698547019192e+00 1.042180044069731970e+01 2.907677987141210352e+01 1.334897974750511374e+01 0.000000000000000000e+00 3.325326340400364700e+01 1.523119792836283182e+01 4.702370461341703667e+00 2.907677987141210352e+01 3.251284254207898528e+01 2.173542277720165927e+01 2.320742744160632398e+01 2.758053355828467090e+01 3.278416678699569076e+01 3.278416678699569076e+01 3.278416678699569076e+01 3.702958131296389865e+01 3.931398353131881152e+01 3.931398353131881152e+01 3.931398353131881152e+01 3.931398353131881152e+01 2.199238910166615923e+01 2.053187362041171227e+01 2.053187362041171227e+01 1.955902941561161512e+01 1.518208552378944098e+01 1.983554324612279984e+01 2.330973219443044897e+01 1.701100315797542706e+01 1.958060345256129509e+01 1.958060345256129509e+01 5.565485450542007051e+00 2.330973219443044897e+01 9.396311696872059471e+00 1.701100315797542706e+01 9.621058515103388942e+00 1.842974170356350783e+01 1.337378459716858004e+01 1.042180044069731970e+01 1.814037194078678539e+01 9.621058515103388942e+00 1.042180044069731970e+01 2.013768348457158197e+01 2.928467717847803087e+01 1.523119792836283182e+01 1.341285875289531049e+01 2.907677987141210352e+01 2.571341816875855457e+01 1.975666467592964892e+01 1.334897974750511374e+01 2.370241163683560615e+01 2.205871601134473892e+01 1.787983025456524544e+01 1.334897974750511374e+01 1.787983025456524544e+01 1.334897974750511374e+01 2.928467717847803087e+01 2.320742744160632398e+01 2.205871601134473892e+01 1.426209123473755724e+01 2.773455474882692329e+01 3.283050366369094064e+01 4.702370461341703667e+00 2.320742744160632398e+01 2.794327416937187891e+01 2.773455474882692329e+01 3.098681259991225190e+01 2.933422628148559497e+01 2.320742744160632398e+01 2.794327416937187891e+01 2.320742744160632398e+01 3.098681259991225190e+01 2.320742744160632398e+01 2.461909421556839561e+01 3.210632001453338091e+01 4.702370461341703667e+00 4.702370461341703667e+00 2.758053355828467090e+01 2.758053355828467090e+01 3.144428413539443312e+01 3.285891588365514338e+01 3.278416678699569076e+01 3.278416678699569076e+01 3.278416678699569076e+01 3.931398353131881152e+01 3.931398353131881152e+01
4.118243473129417254e+01 4.131772512463070512e+01 3.934932895500984529e+01 2.584684415045339634e+01 1.591683554160561442e+01 3.075060770545662692e+01 3.642214964820204415e+01 4.176483532591541703e+00 3.934932895500984529e+01 3.325326340400364700e+01 0.000000000000000000e+00 3.144362163742361105e+01 3.505191994931668376e+01 4.176483532591541703e+00 7.404208619246630541e-01 4.773577198470638905e+01 2.384888702510402680e+01 1.659892927701204712e+01 2.180256250572306342e+01 2.180256250572306342e+01 2.180256250572306342e+01 2.604797703169127132e+01 2.833237925004618774e+01 2.833237925004618774e+01 2.833237925004618774e+01 2.833237925004618774e+01 4.799273830917088901e+01 4.653222282791644204e+01 4.653222282791644204e+01 4.555937862311635200e+01 4.118243473129417254e+01 4.583589245362753672e+01 2.594652994291837800e+01 4.301135236548016394e+01 4.558095266006602486e+01 4.558095266006602486e+01 3.156583465804673594e+01 2.594652994291837800e+01 3.539666090437678037e+01 4.301135236548016394e+01 3.562140772260811872e+01 2.106653945205144041e+01 1.987947880683506696e+01 3.642214964820204415e+01 1.743614025688290781e+01 3.562140772260811872e+01 3.642214964820204415e+01 1.591683554160561442e+01 1.830307289720540354e+01 3.144362163742361105e+01 3.941320796040003671e+01 4.176483532591541703e+00 8.391902710696045986e+00 2.039812425942734819e+01 3.934932895500984529e+01 9.550851767168039075e+00 4.805906521884946869e+01 4.388017946206998232e+01 3.934932895500984529e+01 4.388017946206998232e+01 3.934932895500984529e+01 1.830307289720540354e+01 2.384888702510402680e+01 4.805906521884946869e+01 3.047451494379833647e+01 1.675295046755429595e+01 2.538923707385946749e+00 3.505191994931668376e+01 2.384888702510402680e+01 1.696166988809925513e+01 1.675295046755429595e+01 2.000520831863963167e+01 1.835262200021297119e+01 2.384888702510402680e+01 1.696166988809925513e+01 2.384888702510402680e+01 2.000520831863963167e+01 2.384888702510402680e+01 1.363748993429577183e+01 2.112471573326075713e+01 3.505191994931668376e+01 3.505191994931668376e+01 1.659892927701204712e+01 1.659892927701204712e+01 2.046267985412181289e+01 2.187731160238251604e+01 2.180256250572306342e+01 2.180256250572306342e+01 2.180256250572306342e+01 2.833237925004618774e+01 2.833237925004618774e+01
2.316036925565335736e+01 2.329565964898988994e+01 2.132726347936902300e+01 2.140040463538542781e+01 1.832804171799154247e+01 1.272854222981581174e+01 1.840008417256122897e+01 2.726713810483206757e+01 2.132726347936902300e+01 1.523119792836283182e+01 3.144362163742361105e+01 0.000000000000000000e+00 1.702985447367587568e+01 2.726713810483206757e+01 3.070320077549894577e+01 2.971370650906556676e+01 2.139778567502628448e+01 2.577089179170463495e+01 3.097452502041565481e+01 3.097452502041565481e+01 3.097452502041565481e+01 3.521993954638386271e+01 3.750434176473877557e+01 3.750434176473877557e+01 3.750434176473877557e+01 3.750434176473877557e+01 2.997067283353006673e+01 2.851015735227561976e+01 2.851015735227561976e+01 2.753731314747552972e+01 2.316036925565335736e+01 2.781382697798671444e+01 2.150009042785040947e+01 2.498928688983934165e+01 2.755888718442520968e+01 2.755888718442520968e+01 1.354376918240592076e+01 2.150009042785040947e+01 1.737459542873597229e+01 2.498928688983934165e+01 1.759934224696729999e+01 1.662009993698347188e+01 1.156414283058854231e+01 1.840008417256122897e+01 1.633073017420674589e+01 1.759934224696729999e+01 1.840008417256122897e+01 1.832804171799154247e+01 2.747503541189799492e+01 0.000000000000000000e+00 2.139114248475922153e+01 2.726713810483206757e+01 2.390377640217851507e+01 1.794702290934960942e+01 2.132726347936902300e+01 2.189276987025557020e+01 3.003699974320864641e+01 2.585811398642916004e+01 2.132726347936902300e+01 2.585811398642916004e+01 2.132726347936902300e+01 2.747503541189799492e+01 2.139778567502628448e+01 3.003699974320864641e+01 2.165617466132404356e+00 2.592491298224688734e+01 3.102086189711090469e+01 1.702985447367587568e+01 2.139778567502628448e+01 2.613363240279184296e+01 2.592491298224688734e+01 2.917717083333221595e+01 2.752458451490555902e+01 2.139778567502628448e+01 2.613363240279184296e+01 2.139778567502628448e+01 2.917717083333221595e+01 2.139778567502628448e+01 2.280945244898835966e+01 3.029667824795334496e+01 1.702985447367587568e+01 1.702985447367587568e+01 2.577089179170463495e+01 2.577089179170463495e+01 2.963464236881440073e+01 3.104927411707510743e+01 3.097452502041565481e+01 3.097452502041565481e+01 3.097452502041565481e+01 3.750434176473877557e+01 3.750434176473877557e+01
1.698074206910248307e+01 1.711603246243901566e+01 1.514763629281815582e+01 2.500870294727851117e+01 2.193634002988462584e+01 4.301312243860063056e+00 1.222045698601036356e+01 3.087543641672514738e+01 1.514763629281815582e+01 4.702370461341703667e+00 3.505191994931668376e+01 1.702985447367587568e+01 0.000000000000000000e+00 3.087543641672514738e+01 3.431149908739202203e+01 2.353407932251470314e+01 2.500608398691937140e+01 2.937919010359771477e+01 3.458282333230873462e+01 3.458282333230873462e+01 3.458282333230873462e+01 3.882823785827694252e+01 4.111264007663185538e+01 4.111264007663185538e+01 4.111264007663185538e+01 4.111264007663185538e+01 2.379104564697920310e+01 2.233053016572475613e+01 2.233053016572475613e+01 2.135768596092465899e+01 1.698074206910248307e+01 2.163419979143584371e+01 2.510838873974349283e+01 1.880965970328847092e+01 2.137925999787433895e+01 2.137925999787433895e+01 7.364141995855050915e+00 2.510838873974349283e+01 1.119496824218510156e+01 1.880965970328847092e+01 1.141971506041643281e+01 2.022839824887655524e+01 1.517244114248162390e+01 1.222045698601036356e+01 1.993902848609982925e+01 1.141971506041643281e+01 1.222045698601036356e+01 2.193634002988462584e+01 3.108333372379107473e+01 1.702985447367587568e+01 1.521151529820835258e+01 3.087543641672514738e+01 2.751207471407159844e+01 2.155532122124269279e+01 1.514763629281815582e+01 2.550106818214865001e+01 2.385737255665778278e+01 1.967848679987828930e+01 1.514763629281815582e+01 1.967848679987828930e+01 1.514763629281815582e+01 3.108333372379107473e+01 2.500608398691937140e+01 2.385737255665778278e+01 1.606074778005060111e+01 2.953321129413996360e+01 3.462916020900397740e+01 0.000000000000000000e+00 2.500608398691937140e+01 2.974193071468492633e+01 2.953321129413996360e+01 3.278546914522529221e+01 3.113288282679863883e+01 2.500608398691937140e+01 2.974193071468492633e+01 2.500608398691937140e+01 3.278546914522529221e+01 2.500608398691937140e+01 2.641775076088143948e+01 3.390497655984641767e+01 0.000000000000000000e+00 0.000000000000000000e+00 2.937919010359771477e+01 2.937919010359771477e+01 3.324294068070747699e+01 3.465757242896818013e+01 3.458282333230873462e+01 3.458282333230873462e+01 3.458282333230873462e+01 4.111264007663185538e+01 4.111264007663185538e+01
3.700595119870262550e+01 3.714124159203915809e+01 3.517284542241829826e+01 2.167036061786185641e+01 1.174035200901407450e+01 2.657412417286508699e+01 3.224566611561050422e+01 0.000000000000000000e+00 3.517284542241829826e+01 2.907677987141210352e+01 4.176483532591541703e+00 2.726713810483206757e+01 3.087543641672514738e+01 0.000000000000000000e+00 3.436062670666879093e+00 4.355928845211484912e+01 1.967240349251248688e+01 1.242244574442050542e+01 1.762607897313152705e+01 1.762607897313152705e+01 1.762607897313152705e+01 2.187149349909973139e+01 2.415589571745464426e+01 2.415589571745464426e+01 2.415589571745464426e+01 2.415589571745464426e+01 4.381625477657934908e+01 4.235573929532489501e+01 4.235573929532489501e+01 4.138289509052480497e+01 3.700595119870262550e+01 4.165940892103598969e+01 2.177004641032683807e+01 3.883486883288861691e+01 4.140446912747447783e+01 4.140446912747447783e+01 2.738935112545519601e+01 2.177004641032683807e+01 3.122017737178524754e+01 3.883486883288861691e+01 3.144492419001657524e+01 1.689005591945989693e+01 1.570299527424352348e+01 3.224566611561050422e+01 1.325965672429136966e+01 3.144492419001657524e+01 3.224566611561050422e+01 1.174035200901407450e+01 1.412658936461386538e+01 2.726713810483206757e+01 3.523672442780848968e+01 0.000000000000000000e+00 4.215419178104503395e+00 1.622164072683580827e+01 3.517284542241829826e+01 5.374368234576498260e+00 4.388258168625792166e+01 3.970369592947843529e+01 3.517284542241829826e+01 3.970369592947843529e+01 3.517284542241829826e+01 1.412658936461386538e+01 1.967240349251248688e+01 4.388258168625792166e+01 2.629803141120679655e+01 1.257646693496275780e+01 3.753723792278837124e+00 3.087543641672514738e+01 1.967240349251248688e+01 1.278518635550771343e+01 1.257646693496275780e+01 1.582872478604808997e+01 1.417613846762142948e+01 1.967240349251248688e+01 1.278518635550771343e+01 1.967240349251248688e+01 1.582872478604808997e+01 1.967240349251248688e+01 9.461006401704230129e+00 1.694823220066921365e+01 3.087543641672514738e+01 3.087543641672514738e+01 1.242244574442050542e+01 1.242244574442050542e+01 1.628619632153026942e+01 1.770082806979097967e+01 1.762607897313152705e+01 1.762607897313152705e+01 1.762607897313152705e+01 2.415589571745464426e+01 2.415589571745464426e+01
4.044201386936950371e+01 4.057730426270603630e+01 3.860890809308517646e+01 2.510642328852873462e+01 1.517641467968095270e+01 3.001018684353196520e+01 3.568172878627738243e+01 3.436062670666879093e+00 3.860890809308517646e+01 3.251284254207898528e+01 7.404208619246630541e-01 3.070320077549894577e+01 3.431149908739202203e+01 3.436062670666879093e+00 0.000000000000000000e+00 4.699535112278172733e+01 2.310846616317936508e+01 1.585850841508738540e+01 2.106214164379840525e+01 2.106214164379840525e+01 2.106214164379840525e+01 2.530755616976660605e+01 2.759195838812152601e+01 2.759195838812152601e+01 2.759195838812152601e+01 2.759195838812152601e+01 4.725231744724622729e+01 4.579180196599178032e+01 4.579180196599178032e+01 4.481895776119168318e+01 4.044201386936950371e+01 4.509547159170286790e+01 2.520610908099371628e+01 4.227093150355549511e+01 4.484053179814136314e+01 4.484053179814136314e+01 3.082541379612207422e+01 2.520610908099371628e+01 3.465624004245211864e+01 4.227093150355549511e+01 3.488098686068344989e+01 2.032611859012677868e+01 1.913905794491040169e+01 3.568172878627738243e+01 1.669571939495824608e+01 3.488098686068344989e+01 3.568172878627738243e+01 1.517641467968095270e+01 1.756265203528074181e+01 3.070320077549894577e+01 3.867278709847537499e+01 3.436062670666879093e+00 7.651481848771381600e+00 1.965770339750268647e+01 3.860890809308517646e+01 8.810430905243375577e+00 4.731864435692479987e+01 4.313975860014532060e+01 3.860890809308517646e+01 4.313975860014532060e+01 3.860890809308517646e+01 1.756265203528074181e+01 2.310846616317936508e+01 4.731864435692479987e+01 2.973409408187367120e+01 1.601252960562963779e+01 1.798502845461283917e+00 3.431149908739202203e+01 2.310846616317936508e+01 1.622124902617458986e+01 1.601252960562963779e+01 1.926478745671496640e+01 1.761220113828830947e+01 2.310846616317936508e+01 1.622124902617458986e+01 2.310846616317936508e+01 1.926478745671496640e+01 2.310846616317936508e+01 1.289706907237110833e+01 2.038429487133609186e+01 3.431149908739202203e+01 3.431149908739202203e+01 1.585850841508738540e+01 1.585850841508738540e+01 1.972225899219715117e+01 2.113689074045785787e+01 2.106214164379840525e+01 2.106214164379840525e+01 2.106214164379840525e+01 2.759195838812152601e+01 2.759195838812152601e+01
1.519705030509074817e+01 1.533234069842728076e+01 1.526275800160435914e+01 3.769255498266820581e+01 3.462019206527431692e+01 1.923276707865463564e+01 1.439362095351315496e+01 4.355928845211484912e+01 1.526275800160435914e+01 2.173542277720165927e+01 4.773577198470638905e+01 2.971370650906556676e+01 2.353407932251470314e+01 4.355928845211484912e+01 4.699535112278172733e+01 0.000000000000000000e+00 3.768993602230906248e+01 4.206304213898741295e+01 4.726667536769844702e+01 4.726667536769844702e+01 4.726667536769844702e+01 5.151208989366664781e+01 5.379649211202156067e+01 5.379649211202156067e+01 5.379649211202156067e+01 5.379649211202156067e+01 2.200735388296746464e+01 2.054683840171301767e+01 2.054683840171301767e+01 1.957399419691292408e+01 1.519705030509074817e+01 1.985050802742411236e+01 3.779224077513318747e+01 1.702596793927673957e+01 1.959556823386260405e+01 1.959556823386260405e+01 1.616993732665964956e+01 3.779224077513318747e+01 1.233911108032959980e+01 1.702596793927673957e+01 1.634745368663593368e+01 3.291225028426624277e+01 2.785629317787131853e+01 1.439362095351315496e+01 3.262288052148952033e+01 1.634745368663593368e+01 1.439362095351315496e+01 3.462019206527431692e+01 4.376718575918077647e+01 2.971370650906556676e+01 8.322564024306350561e+00 4.355928845211484912e+01 4.019592674946129307e+01 3.423917325663238387e+01 1.526275800160435914e+01 3.818492021753834820e+01 2.521638932193569715e+00 3.855592522636409392e+00 1.526275800160435914e+01 3.855592522636409392e+00 1.526275800160435914e+01 4.376718575918077647e+01 3.768993602230906248e+01 2.521638932193569715e+00 2.874459981544029574e+01 4.221706332952966534e+01 4.731301224439368269e+01 2.353407932251470314e+01 3.768993602230906248e+01 4.242578275007461741e+01 4.221706332952966534e+01 4.546932118061500461e+01 4.381673486218834057e+01 3.768993602230906248e+01 4.242578275007461741e+01 3.768993602230906248e+01 4.546932118061500461e+01 3.768993602230906248e+01 3.910160279627113766e+01 4.658882859523613007e+01 2.353407932251470314e+01 2.353407932251470314e+01 4.206304213898741295e+01 4.206304213898741295e+01 4.592679271609718938e+01 4.734142446435789253e+01 4.726667536769844702e+01 4.726667536769844702e+01 4.726667536769844702e+01 5.379649211202156067e+01 5.379649211202156067e+01
3.113659876889684597e+01 3.127188916223337856e+01 2.930349299261252227e+01 1.580100818805607510e+01 1.073330710567196178e+01 2.070477174305930390e+01 2.637631368580472824e+01 1.967240349251248688e+01 2.930349299261252227e+01 2.320742744160632398e+01 2.384888702510402680e+01 2.139778567502628448e+01 2.500608398691937140e+01 1.967240349251248688e+01 2.310846616317936508e+01 3.768993602230906248e+01 0.000000000000000000e+00 1.817615717938505426e+01 2.337979040809607412e+01 2.337979040809607412e+01 2.337979040809607412e+01 2.762520493406428201e+01 2.990960715241919843e+01 2.990960715241919843e+01 2.990960715241919843e+01 2.990960715241919843e+01 3.794690234677356244e+01 3.648638686551911547e+01 3.648638686551911547e+01 3.551354266071902543e+01 3.113659876889684597e+01 3.579005649123020305e+01 1.590069398052105853e+01 3.296551640308283027e+01 3.553511669766869829e+01 3.553511669766869829e+01 2.151999869564941292e+01 1.590069398052105853e+01 2.535082494197946801e+01 3.296551640308283027e+01 2.557557176021079925e+01 1.102070348965411739e+01 9.833642844437743946e+00 2.637631368580472824e+01 8.735995561887166971e+00 2.557557176021079925e+01 2.637631368580472824e+01 1.073330710567196178e+01 1.988030079957841423e+01 2.139778567502628448e+01 2.936737199800271725e+01 1.967240349251248688e+01 1.630904178985893438e+01 3.450762765676676835e+00 2.930349299261252227e+01 1.429803525793598773e+01 3.801322925645213502e+01 3.383434349967265575e+01 2.930349299261252227e+01 3.383434349967265575e+01 2.930349299261252227e+01 1.988030079957841423e+01 0.000000000000000000e+00 3.801322925645213502e+01 2.042867898140101346e+01 1.833017836992730665e+01 2.342612728479132400e+01 2.500608398691937140e+01 0.000000000000000000e+00 1.853889779047226227e+01 1.833017836992730665e+01 2.158243622101263881e+01 1.992984990258597833e+01 0.000000000000000000e+00 1.853889779047226227e+01 0.000000000000000000e+00 2.158243622101263881e+01 0.000000000000000000e+00 1.521471783666877897e+01 2.270194363563376427e+01 2.500608398691937140e+01 2.500608398691937140e+01 1.817615717938505426e+01 1.817615717938505426e+01 2.203990775649482003e+01 2.345453950475552674e+01 2.337979040809607412e+01 2.337979040809607412e+01 2.337979040809607412e+01 2.990960715241919843e+01 2.990960715241919843e+01
